101
102
103
104
105
106
107
108
109
110
111
112
113
114
115
116
117
118
119
120
121
122
123
101
201
202
203
204
205
206
207
208
209
210
211
212
213
214
215
216
207
301
302
303
304
123
305
306
307
308
104
401
307
402
403
404
405
406
407
115
408
409
410
411
412
413
414
415
416
417
209
501
502
503
504
122
505
506
403
507
601
602
121
603
604
605
606
116
607
608
609
412
610
611
612
613
614
615
616
417
617
618
619
620
621
622
202
303
503
601
701
702
703
704
705
706
416
707
113
801
802
803
409
608
804
805
806
705
618
112
901
406
605
902
119
903
702
904
621