101   68.191414   554.8902
102   66.11043   650.2973
103   65.21725   755.6395
104   69.978065   856.0026
105   68.191414   963.6729
106   111.37205   1038.9486
107   215.58672   1038.9486
108   293.02145   1039.9551
109   365.99316   1038.9486
110   469.30786   1034.984
111   571.7559   1040.2858
112   672.71765   1041.5995
113   792.49364   1040.175
114   835.654   955.0256
115   835.654   857.3132
116   839.5316   720.1611
117   835.85175   645.96045
118   823.45294   533.31116
119   675.1028   500.86725
120   569.07733   505.1775
121   471.98828   500.57346
122   368.67297   501.68634
123   212.61255   499.87598
201   68.191414   417.4
202   69.084885   326.94867
203   69.978065   247.76941
204   68.191414   161.30579
205   69.978065   76.84766
206   142.0566   76.84766
207   212.61255   77.83892
208   289.4487   81.80366
209   367.77982   76.99841
210   466.03967   75.1899
211   675.1028   80.812386
212   770.3961   75.18799
213   881.5245   76.50181
214   982.16235   83.45331
215   1073.0496   82.14917
216   1158.9197   76.50181
217   1314.5746   76.50131
301   213.50574   163.31131
302   211.71938   248.78365
303   212.61255   331.92764
304   212.61255   420.37384
305   216.18558   649.591
306   215.29239   756.93854
307   215.29239   859.307
308   216.18558   962.9897
401   142.047   859.0835
402   290.04697   858.0841
403   368.67297   857.10095
404   468.41525   856.3627
405   571.7559   860.39734
406   673.90546   856.43256
407   758.195   856.43256
408   905.82465   860.39734
409   980.6799   856.6791
410   1072.755   855.43256
411   1161.2048   859.0835
412   1157.6319   723.2449
413   1157.5318   650.38135
414   1160.0075   529.70355
415   1160.0074   417.0545
416   1160.0074   334.9015
417   1157.6222   186.60023
501   367.77982   158.48306
502   367.77982   246.92891
503   367.77982   327.09946
504   366.88663   412.5718
505   364.19693   648.4276
506   367.77982   753.7412
507   369.56613   963.7571
601   471.98828   337.55203
602   468.41424   415.74036
603   470.7906   646.0009
604   572.94464   723.2449
605   671.52985   725.8958
606   754.61206   725.8958
607   901.75954   724.582
608   981.8776   722.1779
609   1075.4349   723.2449
610   1260.0764   724.35583
611   1314.5746   652.25323
612   1308.321   530.0148
613   1307.1244   416.0633
614   1313.3868   332.25055
615   1313.3868   252.40254
616   1229.4015   180.20744
617   1071.8519   182.13965
618   978.5893   189.15115
619   893.90967   186.50023
620   770.3961   186.50023
621   672.4232   185.50023
622   570.26483   185.16344
701   571.45264   334.9015
702   671.2256   330.59035
703   770.3961   330.59085
704   879.73224   329.27707
705   983.35974   330.59085
706   1074.5316   333.2418
707   1235.3502   329.94547
801   895.5067   1041.5995
802   974.42706   1040.2859
803   980.6799   955.13586
804   983.35974   650.62823
805   981.8776   534.0141
806   980.97455   415.74036
901   672.71765   956.473
902   673.90546   650.38135
903   675.1028   413.08978
904   671.2256   251.08875
