101, 102, 200, 500, 200
102, 103, 300, 400, 300
103, 104, 1000, 600, 500
104, 105, 500, 200, 340
105, 106, 150, 600, 450
106, 107, 320, 200, 120
107, 108, 400, 700, 650
108, 109, 800, 350, 200
109, 110, 900, 250, 430
110, 111, 500, 650, 120
111, 112, 1000, 400, 890
112, 113, 2000, 500, 800
113, 114, 500, 500, 700
114, 115, 220, 400, 540
115, 116, 230, 600, 330
116, 117, 300, 200, 280
117, 118, 500, 600, 800
118, 119, 480, 200, 1000
119, 120, 500, 700, 2000
120, 121, 400, 350, 700
121, 122, 900, 250, 650
122, 123, 300, 650, 440
123, 101, 480, 400, 200
101, 201, 1000, 500, 300
201, 202, 250, 500, 500
202, 203, 480, 400, 340
203, 204, 400, 600, 450
204, 205, 250, 200, 120
205, 206, 500, 600, 650
206, 207, 320, 200, 200
207, 208, 250, 700, 430
208, 209, 300, 350, 120
209, 210, 150, 250, 890
210, 211, 900, 650, 800
211, 212, 320, 400, 700
212, 213, 150, 500, 540
213, 214, 500, 500, 330
214, 215, 210, 400, 280
215, 216, 150, 600, 800
216, 217, 500, 200, 1000